0 1200
1 100
2 900
3 400
4 100
5 1000
6 1300
7 200
8 100
9 300
10 100
11 2
12 12
13 4
14 1200
15 14
16 1000
17 9
18 6
19 800
20 5
21 13
22 800
23 15
24 1000
25 1000
26 700
27 100
28 16
29 7
30 14
31 12
32 1
33 10
34 900
35 13
36 300
37 9
38 1400
39 8
40 700
41 600
42 14
43 1
44 1200
45 1000
46 400
47 6
48 6
49 1200
50 1
51 1100
52 1100
53 3
54 2
55 1300
56 11
57 7
58 7
59 3
60 100
61 500
62 3
63 11
64 1600
65 11
66 8
67 700
68 2
69 500
70 5
71 2
72 1600
73 500
74 300
75 1400
76 200
77 5
78 4
79 1
80 8
81 12
82 400
83 9
84 300
85 900
86 500
87 3
88 3
89 4
90 2
91 12
92 800
93 6
94 10
95 6
96 13
97 3
98 1600
99 700
