0 1
1 1
2 1
3 1
4 2
5 2
6 3
7 9
8 2
9 1
10 2
11 2
12 1
13 2
14 1
15 0
16 2
17 2
18 1
19 10
20 10
21 1
22 2
23 2
24 2
25 2
26 1
27 2
28 3
29 3
30 2
31 0
32 1
33 1
34 1
35 2
36 1
37 1
38 1
39 1
40 2
41 2
42 1
43 0
44 1
45 1
46 1
47 3
48 6
49 1
50 1
51 1
52 3
53 1
54 8
55 9
56 1
57 0
58 1
59 1
60 2
61 5
62 3
63 2
64 2
65 1
66 1
67 2
68 2
69 0
70 2
71 1
72 2
73 5
74 5
75 2
76 1
77 10
78 8
79 1
80 1
81 8
82 10
83 1
84 2
85 5
86 5
87 0
88 2
89 1
90 1
91 1
92 2
93 2
94 1
95 3
96 1
97 3
98 3
99 1
100 1
101 1
102 1
103 0
104 1
105 1
106 1
107 1
108 1
109 1
110 1
111 1
112 1
113 1
114 3
115 0
116 2
117 2
118 4
119 2
120 2
121 3
122 2
123 3
124 2
125 2
126 2
127 3
128 2
129 0
130 3
131 1
132 1
133 1
134 1
135 2
136 2
137 2
138 3
139 1
140 3
141 0
142 1
143 1
144 2
145 1
146 12
147 1
148 2
149 1
150 1
151 1
152 1
153 2
154 1
155 2
156 7
157 1
158 2
159 0
160 1
161 1
162 3
163 4
164 3
165 1
166 1
167 1
168 1
169 3
170 4
171 3
172 1
173 1
174 1
175 0
176 3
177 1
178 3
179 1
180 1
181 3
182 3
183 1
184 1
185 1
186 16
187 0
188 10
189 2
190 5
191 1
192 1
193 1
194 2
195 1
196 8
197 10
198 1
199 1
200 1
201 0
202 2
203 2
204 3
205 2
206 3
207 3
208 3
209 2
210 2
211 3
212 2
213 3
214 3
215 2
216 3
217 0
218 1
219 15
220 0
221 1
222 12
223 2
224 2
225 15
226 1
227 2
228 1
229 2
230 2
231 1
232 1
233 1
234 1
235 0
236 3
237 3
238 1
239 5
240 12
241 3
242 1
243 5
244 1
245 3
246 3
247 1
248 5
249 1
250 3
251 12
252 5
253 0
254 4
255 16
256 1
257 14
258 14
259 1
260 16
261 4
262 3
263 2
264 1
265 1
266 2
267 0
268 1
269 1
270 6
271 1
272 9
273 1
274 3
275 1
276 1
277 0
278 1
279 2
280 2
281 3
282 2
283 1
284 1
285 2
286 2
287 1
288 1
289 2
290 3
291 0
292 1
293 1
294 1
295 1
296 2
297 2
298 2
299 1
300 1
301 6
302 6
303 0
304 3
305 2
306 6
307 1
308 1
309 1
310 1
311 0
312 1
313 2
314 3
315 3
316 1
317 2
318 3
319 1
320 1
321 3
322 2
323 1
324 3
325 3
326 2
327 1
328 1
329 0
330 1
331 1
332 1
333 2
334 1
335 1
336 1
337 1
338 1
339 3
340 3
341 3
342 1
343 0
344 1
345 1
346 1
347 5
348 5
349 1
350 1
351 1
352 1
353 1
354 1
355 0
356 12
357 1
358 5
359 3
360 1
361 6
362 1
363 3
364 11
365 1
366 1
367 0
368 1
369 1
370 4
371 2
372 1
373 3
374 1
375 1
376 3
377 1
378 2
379 4
380 1
381 0
382 1
383 1
384 1
385 7
386 7
387 1
388 1
389 1
390 3
391 1
392 7
393 2
394 1
395 2
396 1
397 4
398 1
399 0
400 1
401 1
402 1
403 1
404 1
405 3
406 3
407 2
408 2
409 6
410 1
411 1
412 5
413 0
414 2
415 2
416 2
417 6
418 1
419 1
420 2
421 0
422 13
423 13
424 1
425 2
426 14
427 1
428 13
429 1
430 1
431 1
432 1
433 0
434 3
435 3
436 1
437 2
438 1
439 3
440 1
441 3
442 0
443 1
444 2
445 3
446 1
447 1
448 1
449 1
450 1
451 0
452 2
453 2
454 1
455 2
456 2
457 5
458 2
459 2
460 3
461 3
462 2
463 0
464 2
465 2
466 10
467 5
468 5
469 3
470 2
471 0
472 1
473 1
474 1
475 1
476 1
477 1
478 2
479 1
480 2
481 2
482 1
483 1
484 1
485 1
486 1
487 0
488 14
489 1
490 1
491 15
492 13
493 2
494 1
495 7
496 2
497 1
498 1
499 0
500 5
501 4
502 2
503 2
504 4
505 5
506 10
507 2
508 2
509 2
510 2
511 2
512 5
513 3
514 3
515 0
516 1
517 10
518 1
519 1
520 1
521 3
522 1
523 0
524 2
525 2
526 1
527 1
528 2
529 2
530 1
531 1
532 2
533 2
534 3
535 1
536 5
537 2
538 2
539 0
540 1
541 1
542 4
543 2
544 1
545 1
546 2
547 1
548 1
549 0
550 2
551 3
552 2
553 2
554 2
555 1
556 2
557 2
558 1
559 2
560 2
561 2
562 3
563 2
564 3
565 1
566 15
567 0
568 1
569 1
570 2
571 2
572 3
573 1
574 1
575 3
576 2
577 2
578 1
579 1
580 1
581 3
582 1
583 1
584 1
585 0
586 1
587 2
588 1
589 1
590 1
591 1
592 2
593 0
594 2
595 15
596 3
597 2
598 2
599 2
600 3
601 3
602 2
603 1
604 4
605 2
606 4
607 2
608 4
609 3
610 13
611 0
612 3
613 1
614 1
615 2
616 1
617 1
618 1
619 1
620 1
621 1
622 2
623 1
624 1
625 0
626 2
627 4
628 1
629 3
630 3
631 1
632 4
633 2
634 1
635 2
636 6
637 1
638 2
639 0
640 0
641 1
642 1
643 1
644 1
645 1
646 1
647 0
648 2
649 1
650 4
651 1
652 2
653 0
654 1
655 2
656 1
657 1
658 1
659 3
660 1
661 3
662 1
663 1
664 1
665 0
666 2
667 1
668 1
669 1
670 3
671 2
672 1
673 1
674 1
675 0
676 1
677 2
678 1
679 1
680 4
681 3
682 3
683 4
684 1
685 1
686 2
687 1
688 1
689 2
690 1
691 1
692 4
693 0
694 1
695 3
696 3
697 2
698 3
699 9
700 5
701 4
702 2
703 2
704 2
705 11
706 2
707 2
708 2
709 2
710 2
711 0
712 1
713 3
714 11
715 3
716 3
717 1
718 3
719 4
720 1
721 3
722 1
723 1
724 3
725 1
726 4
727 0
728 2
729 2
730 1
731 3
732 3
733 1
734 2
735 2
736 1
737 1
738 2
739 2
740 1
741 1
742 2
743 0
744 10
745 10
746 1
747 1
748 11
749 1
750 4
751 1
752 1
753 0
754 3
755 1
756 3
757 3
758 1
759 3
760 3
761 1
762 3
763 3
764 1
765 3
766 1
767 2
768 1
769 7
770 7
771 0
772 2
773 1
774 2
775 1
776 2
777 2
778 1
779 2
780 1
781 2
782 1
783 1
784 1
785 1
786 1
787 1
788 2
789 0
790 4
791 12
792 0
793 4
794 1
795 12
796 5
797 1
798 1
799 4
800 5
801 13
802 4
803 4
804 14
805 4
806 6
807 0
808 2
809 2
810 2
811 2
812 2
813 2
814 2
815 11
816 8
817 2
818 2
819 0
820 10
821 1
822 2
823 1
824 1
825 3
826 1
827 0
828 9
829 11
830 1
831 1
832 13
833 4
834 1
835 1
836 3
837 0
838 3
839 3
840 3
841 3
842 1
843 5
844 3
845 2
846 15
847 1
848 3
849 5
850 1
851 3
852 1
853 1
854 1
855 0
856 1
857 1
858 7
859 1
860 2
861 2
862 1
863 7
864 1
865 1
866 1
867 0
868 1
869 7
870 1
871 1
872 1
873 7
874 1
875 1
876 9
877 1
878 5
879 1
880 1
881 0
882 1
883 3
884 3
885 13
886 1
887 3
888 1
889 0
890 3
891 5
892 9
893 3
894 1
895 3
896 1
897 3
898 1
899 1
900 4
901 0
902 1
903 1
904 1
905 1
906 1
907 0
908 1
909 13
910 13
911 1
912 8
913 1
914 12
915 0
916 3
917 3
918 3
919 3
920 1
921 1
922 1
923 1
924 2
925 1
926 3
927 0
928 6
929 4
930 1
931 1
932 1
933 2
934 1
935 1
936 2
937 1
938 1
939 1
940 4
941 6
942 6
943 0
944 4
945 1
946 1
947 4
948 1
949 1
950 3
951 7
952 3
953 1
954 5
955 3
956 3
957 0
958 1
959 1
960 3
961 1
962 1
963 1
964 1
965 3
966 1
967 1
968 1
969 0
970 1
971 1
972 2
973 2
974 1
975 1
976 2
977 2
978 1
979 0
980 1
981 1
982 1
983 1
984 1
985 1
986 6
987 3
988 1
989 1
990 1
991 9
992 3
993 3
994 1
995 3
996 1
997 0
998 2
999 3
1000 5
1001 14
1002 2
1003 2
1004 9
1005 2
1006 3
1007 3
1008 2
1009 3
1010 2
1011 2
1012 2
1013 3
1014 3
1015 0
1016 2
1017 1
1018 5
1019 2
1020 3
1021 3
1022 2
1023 4
1024 1
1025 2
1026 1
1027 1
1028 3
1029 3
1030 3
1031 0
1032 1
1033 1
1034 2
1035 2
1036 1
1037 1
1038 1
1039 3
1040 1
1041 1
1042 1
1043 2
1044 1
1045 4
1046 1
1047 0
1048 12
1049 2
1050 1
1051 1
1052 1
1053 1
1054 1
1055 12
1056 1
1057 3
1058 1
1059 2
1060 1
1061 1
1062 2
1063 0
1064 1
1065 1
1066 1
1067 1
1068 1
1069 1
1070 14
1071 1
1072 1
1073 0
1074 7
1075 2
1076 8
1077 2
1078 6
1079 5
1080 2
1081 6
1082 2
1083 2
1084 8
1085 2
1086 6
1087 2
1088 2
1089 2
1090 6
1091 0
1092 1
1093 1
1094 1
1095 1
1096 1
1097 1
1098 1
1099 1
1100 1
1101 1
1102 1
1103 1
1104 7
1105 2
1106 1
1107 0
1108 3
1109 5
1110 2
1111 1
1112 2
1113 2
1114 3
1115 2
1116 2
1117 0
1118 3
1119 3
1120 1
1121 1
1122 1
1123 2
1124 11
1125 2
1126 15
1127 1
1128 1
1129 1
1130 2
1131 0
1132 1
1133 1
1134 1
1135 3
1136 2
1137 1
1138 1
1139 2
1140 2
1141 2
1142 2
1143 0
1144 1
1145 2
1146 3
1147 16
1148 16
1149 3
1150 2
1151 1
1152 1
1153 1
1154 1
1155 1
1156 3
1157 2
1158 1
1159 0
1160 3
1161 2
1162 2
1163 3
1164 10
1165 2
1166 3
1167 2
1168 2
1169 3
1170 8
1171 2
1172 3
1173 3
1174 7
1175 2
1176 3
1177 0
1178 4
1179 3
1180 2
1181 2
1182 3
1183 4
1184 4
1185 2
1186 2
1187 0
1188 3
1189 3
1190 1
1191 2
1192 2
1193 1
1194 1
1195 1
1196 1
1197 1
1198 1
1199 1
1200 1
1201 2
1202 2
1203 0
1204 2
1205 1
1206 1
1207 3
1208 3
1209 12
1210 3
1211 0
1212 1
1213 3
1214 10
1215 7
1216 12
1217 1
1218 12
1219 0
1220 5
1221 5
1222 4
1223 3
1224 1
1225 6
1226 1
1227 0
1228 2
1229 5
1230 9
1231 11
1232 1
1233 2
1234 2
1235 1
1236 1
1237 0
1238 12
1239 1
1240 1
1241 12
1242 3
1243 2
1244 1
1245 1
1246 4
1247 0
1248 1
1249 5
1250 5
1251 1
1252 1
1253 1
1254 1
1255 4
1256 5
1257 1
1258 10
1259 0
1260 1
1261 1
1262 2
1263 5
1264 1
1265 1
1266 1
1267 1
1268 1
1269 1
1270 1
1271 1
1272 5
1273 2
1274 1
1275 0
1276 1
1277 2
1278 1
1279 5
1280 1
1281 2
1282 2
1283 0
1284 1
1285 1
1286 5
1287 1
1288 1
1289 1
1290 1
1291 1
1292 5
1293 3
1294 1
1295 0
1296 9
1297 0
1298 1
1299 1
1300 1
1301 0
1302 2
1303 1
1304 1
1305 1
1306 1
1307 3
1308 1
1309 1
1310 1
1311 1
1312 1
1313 0
1314 2
1315 2
1316 1
1317 1
1318 1
1319 2
1320 1
1321 15
1322 2
1323 15
1324 1
1325 1
1326 1
1327 0
1328 1
1329 4
1330 5
1331 1
1332 10
1333 14
1334 4
1335 3
1336 6
1337 5
1338 4
1339 0
1340 1
1341 1
1342 1
1343 1
1344 1
1345 1
1346 1
1347 1
1348 1
1349 6
1350 1
1351 3
1352 1
1353 1
1354 1
1355 1
1356 1
1357 0
1358 1
1359 2
1360 2
1361 2
1362 1
1363 2
1364 2
1365 2
1366 2
1367 1
1368 2
1369 2
1370 2
1371 1
1372 2
1373 2
1374 2